-4.64818395506709
-0.0747827284345331
0
-0.0914753635689792
-0.0288348260116818
0
0
0.0941669004409224
0
0.159159569239031
0
-0.110988507289183
0
0
-0.0703594949644394
0
0.0594785023256204
0
0.0422615291206571
0
0
0.071452981846794
0
0
0
0
-0.0645110736736773
0
-0.0541875303709589
0.294184843665674
0.10277262025781
0.127145519423693
0.166652293335045
0.136173512730196
0
0.13929216003962
-0.133061276504548
0
0
-0.0898590718856396
0
-0.111927010845317
0
0.0382046970406251
0.0971826091959193
0
-0.112013569926101
0
-0.111179739861286
0
0
-0.124664424590317
0
0.0364591168037654
0.144460402209582
-0.0758562718710345
0
0
0
-0.108118503856445
0
-0.171427878802894
